7
38
44
34
16
17
26
40
21
52
25
9
47
26
54
5
30
29
7
28
36
35
20
13
16
17
34
44
29
44
12
20
23
47
53
34
28
6
26
45
52
17
48
10
12
37
32
29
58
23
4
12
43
25
60
20
42
48
47
10
7
34
11
47
32
10
55
3
12
4
21
30
44
28
25
32
15
54
58
56
9
14
18
45
45
6
28
58
19
33
20
16
59
55
12
10
11
49
27
38
19
10
41
43
44
34
35
11
16
56
47
10
55
33
38
50
8
47
33
12
35
53
43
60
37
31
56
57
46
32
37
9
14
11
20
4
6
21
49
7
29
36
28
43
34
20
54
52
21
55
33
44
45
39
23
27
41
12
34
34
11
52
58
39
4
15
60
36
20
16
6
42
34
54
46
18
59
21
42
38
57
24
49
14
30
28
39
3
56
24
43
11
29
43
31
23
21
3
40
48
32
42
60
50
44
53
49
52
27
37
9
18
13
39
21
55
20
45
33
35
48
40
18
41
43
21
41
25
27
41
32
32
38
21
8
53
55
58
13
26
47
34
15
44
14
11
51
24
41
9
38
13
13
49
6
31
33
41
30
37
52
16
41
56
56
3
4
35
56
9
14
59
12
44
59
26
11
21
15
34
29
44
56
34
19
27
11
41
26
11
29
39
60
60
37
52
39
23
3
9
